Table 
1.1: Direct
 Care Patients 
with 
Adjustment Disorders by Calendar Year
 Service
 2005
 2006
 2007
 2008
 2009
 2010
 2011
 2012
 2013
 2014
 2015
 2016
 2017
 A
10,394
 11,217
 11,918
 12,185
 13,335
 14,704
 15,772
 16,394
 15,645
 15,020
 15,649
 18,151
 19,358
 A 
26,503
 29,344
 36,889
 48,773
 56,110
 61,296
 66,525
 69,170
 60,175
 54,488
 52,658
 53,103
 50,027
 Marines
 3,511
 3,680
 4,384
 5,851
 6,341
 7,398
 9,091
 9,706
 9,539
 8,670
 8,501
 8,694
 8,891
 Navy
 7,471
 7,787
 8,553
 9,570
 9,967
 10,758
 11,791
 12,600
 12,637
 13,042
 14,814
 17,118
 18,693
 Component
 2005
 2006
 2007
 2008
 2009
 2010
 2011
 2012
 2013
 2014
 2015
 2016
 2017
 ACT
 41,516
 46,060
 54,967
 67,851
 76,750
 85,450
 94,502
 99,623
 90,611
 84,357
 85,370
 90,587
 90,861
 GRD
 6,363
 5,968
 6,777
 8,528
 9,003
 8,706
 8,677
 8,247
 7,385
 6,863
 6,252
 6,479
 6,108
 TOTAL
 47,879
 52,028
 61,744
 76,379
 85,753
 94,156
 103,179
 107,870
 97,996
 91,220
 91,622
 97,066
 96,969
 Table 
2.2
: Direct
 Care Patients with 
Alcohol Use Disorders by Calendar Year
 Service
 2005
 2006
 2007
 2008
 2009
 2010
 2011
 2012
 2013
 2014
 2015
 2016
 2017
 A
4,207
 3,912
 3,783
 3,742
 3,712
 3,835
 3,731
 3,724
 3,582
 3,517
 3,168
 2,918
 3,178
 A 
12,055
 14,283
 14,796
 17,720
 20,209
 19,935
 17,630
 17,840
 15,640
 14,179
 14,031
 13,244
 14,056
 Marines
 3,275
 3,804
 4,309
 4,838
 5,189
 5,420
 5,247
 5,184
 4,613
 3,884
 3,381
 3,215
 3,314
 Navy
 7,715
 7,375
 6,872
 6,476
 6,415
 5,898
 5,765
 5,695
 5,398
 6,165
 6,041
 5,267
 5,382
 Component
 2005
 2006
 2007
 2008
 2009
 2010
 2011
 2012
 2013
 2014
 2015
 2016
 2017
 ACT
 25,581
 27,852
 28,119
 30,974
 33,663
 33,345
 30,876
 31,028
 28,001
 26,624
 25,620
 23,763
 24,961
 GRD
 1,671
 1,522
 1,641
 1,802
 1,862
 1,743
 1,497
 1,415
 1,232
 1,121
 1,001
 881
 969
 TOTAL
 27,252
 29,374
 29,760
 32,776
 35,525
 35,088
 32,373
 32,443
 29,233
 27,745
 26,621
 24,644
 25,930
 Table 
3.3
: Direct
 Care Patients with 
Anxiety Disorders by 
Calendar Year
 Service
 2005
 2006
 2007
 2008
 2009
 2010
 2011
 2012
 2013
 2014
 2015
 2016
 2017
 A
7,255
 7,031
 7,849
 8,428
 9,074
 9,970
 11,087
 11,931
 12,981
 13,653
 13,836
 14,203
 14,570
 A 
11,494
 12,289
 17,239
 23,015
 27,575
 30,856
 35,377
 39,240
 38,021
 37,515
 36,194
 32,236
 29,665
 Marines
 2,186
 2,148
 2,586
 3,318
 4,160
 4,578
 5,484
 6,449
 6,699
 6,394
 6,380
 5,839
 5,488
 Navy
 5,517
 5,100
 5,789
 6,338
 6,829
 7,584
 8,753
 9,449
 9,925
 10,474
 10,876
 11,361
 11,349
 Component
 2005
 2006
 2007
 2008
 2009
 2010
 2011
 2012
 2013
 2014
 2015
 2016
 2017
 ACT
 23,215
 23,547
 29,700
 36,279
 42,377
 47,427
 54,667
 60,805
 61,800
 62,322
 62,345
 59,214
 56,709
 GRD
 3,237
 3,021
 3,763
 4,820
 5,261
 5,561
 6,034
 6,264
 5,826
 5,714
 4,941
 4,425
 4,363
 TOTAL
 26,452
 26,568
 33,463
 41,099
 47,638
 52,988
 60,701
 67,069
 67,626
 68,036
 67,286
 63,639
 61,072
 Table 
4.4
: Direct
 Care Patients with 
Depressive Disorders by Calendar Year
 Service
 2005
 2006
 2007
 2008
 2009
 2010
 2011
 2012
 2013
 2014
 2015
 2016
 2017
 A
11,793
 11,536
 11,202
 11,119
 11,227
 11,628
 11,795
 11,514
 10,972
 11,573
 11,442
 11,080
 10,992
 A 
22,731
 23,228
 27,246
 33,274
 38,623
 39,655
 41,903
 42,110
 39,145
 36,906
 33,160
 28,304
 24,329
 Marines
 3,936
 4,049
 4,512
 5,638
 6,314
 6,379
 6,629
 6,822
 6,671
 6,022
 5,958
 5,198
 4,425
 Navy
 9,736
 9,887
 10,109
 10,049
 10,218
 10,561
 11,134
 10,978
 10,492
 10,751
 11,113
 11,110
 11,015
 Component
 2005
 2006
 2007
 2008
 2009
 2010
 2011
 2012
 2013
 2014
 2015
 2016
 2017
 ACT
 42,894
 43,356
 47,428
 53,607
 59,595
 61,474
 64,617
 64,918
 61,380
 59,889
 57,110
 51,787
 47,399
 GRD
 5,302
 5,344
 5,641
 6,473
 6,787
 6,749
 6,844
 6,506
 5,900
 5,363
 4,563
 3,905
 3,362
 TOTAL
 48,196
 48,700
 53,069
 60,080
 66,382
 68,223
 71,461
 71,424
 67,280
 65,252
 61,673
 55,692
 50,761
 Table 
5.5
: Direct
 Care Patients with 
Insomnia by Calendar Year
 Service
 2005
 2006
 2007
 2008
 2009
 2010
 2011
 2012
 2013
 2014
 2015
 2016
 2017
 A
 5,205
 7,039
 8,871
 10,483
 12,036
 13,112
 13,879
 14,302
 14,253
 13,013
 12,062
 12,852
 11,759
 A 
8,169
 12,544
 18,795
 26,680
 32,601
 38,591
 43,257
 44,556
 41,566
 36,545
 35,149
 38,407
 37,206
 Marines
 802
 1,259
 2,097
 2,892
 3,579
 4,357
 5,118
 5,667
 5,647
 5,033
 5,009
 5,216
 4,958
 Navy
 2,693
 3,631
 4,454
 5,066
 6,079
 6,574
 7,179
 7,458
 7,977
 7,303
 7,208
 8,304
 8,308
 Component
 2005
 2006
 2007
 2008
 2009
 2010
 2011
 2012
 2013
 2014
 2015
 2016
 2017
 ACT
 14,896
 21,697
 30,548
 40,561
 48,707
 56,238
 62,861
 65,622
 63,774
 57,394
 55,570
 60,841
 58,465
 GRD
 1,973
 2,776
 3,669
 4,560
 5,588
 6,396
 6,572
 6,361
 5,669
 4,500
 3,858
 3,938
 3,766
 TOTAL
 16,869
 24,473
 34,217
 45,121
 54,295
 62,634
 69,433
 71,983
 69,443
 61,894
 59,428
 64,779
 62,231
 Table 
6.6
: Direct
 Care Patients with 
PTSD by Calendar Year
 Service
 2005
 2006
 2007
 2008
 2009
 2010
 2011
 2012
 2013
 2014
 2015
 2016
 2017
 A
1,015
 1,187
 1,495
 1,886
 2,079
 2,446
 2,867
 3,063
 3,365
 3,821
 3,689
 3,992
 4,172
 A 
7,813
 8,795
 12,608
 17,705
 19,594
 21,019
 23,067
 24,597
 23,354
 21,524
 19,400
 18,493
 16,374
 Marines
 1,681
 1,857
 2,768
 3,652
 3,720
 4,097
 4,309
 4,568
 4,072
 3,613
 3,359
 2,935
 2,562
 Navy
 1,414
 1,591
 2,051
 2,351
 2,602
 2,769
 2,990
 3,121
 3,022
 3,277
 3,439
 3,504
 3,723
 Component
 2005
 2006
 2007
 2008
 2009
 2010
 2011
 2012
 2013
 2014
 2015
 2016
 2017
 ACT
 9,932
 11,498
 16,485
 22,118
 24,578
 26,760
 29,333
 31,493
 30,255
 29,146
 27,479
 26,704
 24,761
 GRD
 1,991
 1,932
 2,437
 3,476
 3,417
 3,571
 3,900
 3,856
 3,558
 3,089
 2,408
 2,220
 2,070
 TOTAL
 11,923
 13,430
 18,922
 25,594
 27,995
 30,331
 33,233
 35,349
 33,813
 32,235
 29,887
 28,924
 26,831
 Table 
7.7
: Direct
 Care Patients with 
Substance Use Disorders by Calendar Year
 Service
 2005
 2006
 2007
 2008
 2009
 2010
 2011
 2012
 2013
 2014
 2015
 2016
 2017
 A
350
 318
 313
 375
 445
 509
 478
 467
 512
 513
 484
 292
 301
 A 
4,862
 5,954
 5,700
 7,030
 8,389
 8,202
 7,564
 6,959
 5,508
 4,502
 3,945
 3,449
 4,125
 Marines
 450
 512
 884
 1,109
 1,130
 1,197
 1,164
 997
 805
 536
 467
 353
 296
 Navy
 607
 715
 1,375
 1,385
 1,368
 975
 949
 878
 782
 798
 724
 595
 573
 Component
 2005
 2006
 2007
 2008
 2009
 2010
 2011
 2012
 2013
 2014
 2015
 2016
 2017
 ACT
 5,604
 6,922
 7,686
 9,136
 10,509
 10,134
 9,580
 8,845
 7,193
 6,026
 5,369
 4,503
 5,094
 GRD
 665
 577
 586
 763
 823
 749
 575
 456
 414
 323
 251
 186
 201
 TOTAL
 6,269
 7,499
 8,272
 9,899
 11,332
 10,883
 10,155
 9,301
 7,607
 6,349
 5,620
 4,689
 5,295
