Table 
1.1: Purchased Care Patients with 
Adjustment Disorders by Calendar Year
 Service
 2005
 2006
 2007
 2008
 2009
 2010
 2011
 2012
 2013
 2014
 2015
 2016
 2017
 A
1,756
 1,662
 1,642
 1,651
 1,515
 1,878
 2,013
 2,242
 2,017
 1,781
 1,758
 1,932
 2,192
 A 
2,856
 3,148
 3,926
 4,945
 6,169
 7,257
 7,818
 9,615
 7,404
 6,271
 5,758
 5,077
 4,772
 Marines
 511
 573
 615
 601
 715
 887
 917
 883
 874
 776
 677
 691
 774
 Navy
 1,087
 1,155
 1,171
 1,411
 1,339
 1,315
 1,176
 1,171
 983
 864
 999
 1,121
 1,466
 Component
 2005
 2006
 2007
 2008
 2009
 2010
 2011
 2012
 2013
 2014
 2015
 2016
 2017
 ACT
 4,085
 4,302
 5,174
 6,365
 7,276
 8,619
 9,166
 11,036
 8,779
 7,421
 7,058
 6,656
 7,003
 GRD
 2,125
 2,236
 2,180
 2,243
 2,462
 2,718
 2,758
 2,875
 2,499
 2,271
 2,134
 2,165
 2,201
 TOTAL
 6,210
 6,538
 7,354
 8,608
 9,738
 11,337
 11,924
 13,911
 11,278
 9,692
 9,192
 8,821
 9,204
 Table 
2.2: Purchased Care Patients with 
Alcohol Use Disorders by Calendar Year
 Service
 2005
 2006
 2007
 2008
 2009
 2010
 2011
 2012
 2013
 2014
 2015
 2016
 2017
 A
1,278
 1,228
 1,184
 1,274
 1,322
 1,571
 1,710
 1,552
 1,412
 1,371
 1,288
 1,288
 1,369
 A 
1,882
 2,204
 2,775
 3,544
 4,251
 4,449
 4,434
 4,421
 3,376
 3,034
 2,949
 2,670
 2,523
 Marines
 503
 570
 712
 946
 1,142
 1,301
 1,273
 1,199
 974
 965
 774
 747
 683
 Navy
 911
 929
 934
 990
 1,046
 1,280
 1,100
 1,097
 998
 943
 977
 946
 995
 Component
 2005
 2006
 2007
 2008
 2009
 2010
 2011
 2012
 2013
 2014
 2015
 2016
 2017
 ACT
 3,879
 4,219
 4,809
 5,911
 6,830
 7,581
 7,534
 7,291
 5,936
 5,599
 5,310
 4,957
 4,887
 GRD
 695
 712
 796
 843
 931
 1,020
 983
 978
 824
 714
 678
 694
 683
 TOTAL
 4,574
 4,931
 5,605
 6,754
 7,761
 8,601
 8,517
 8,269
 6,760
 6,313
 5,988
 5,651
 5,570
 Table 
3.3: Purchased Care Patients with 
Anxiety Disorders by Calendar Year
 Service
 2005
 2006
 2007
 2008
 2009
 2010
 2011
 2012
 2013
 2014
 2015
 2016
 2017
 A
 1,360
 1,510
 1,601
 1,730
 1,872
 2,272
 2,555
 2,896
 2,806
 2,812
 2,941
 3,257
 3,456
 A 
2,659
 3,093
 3,813
 4,895
 6,060
 7,542
 8,817
 9,912
 8,739
 7,993
 7,397
 6,922
 6,746
 Marines
 418
 506
 562
 694
 796
 1,130
 1,149
 1,139
 1,060
 1,012
 949
 967
 1,004
 Navy
 849
 951
 1,161
 1,281
 1,268
 1,403
 1,430
 1,493
 1,434
 1,471
 1,713
 1,915
 2,374
 Component
 2005
 2006
 2007
 2008
 2009
 2010
 2011
 2012
 2013
 2014
 2015
 2016
 2017
 ACT
 3,151
 3,724
 4,496
 5,634
 6,760
 8,392
 9,760
 11,105
 9,725
 9,271
 9,003
 8,695
 8,991
 GRD
 2,135
 2,336
 2,641
 2,966
 3,236
 3,955
 4,191
 4,335
 4,314
 4,017
 3,997
 4,366
 4,589
 TOTAL
 5,286
 6,060
 7,137
 8,600
 9,996
 12,347
 13,951
 15,440
 14,039
 13,288
 13,000
 13,061
 13,580
 Table 
4.4: Purchased Care Patients with 
Depressive Disorders by Calendar Year
 Service
 2005
 2006
 2007
 2008
 2009
 2010
 2011
 2012
 2013
 2014
 2015
 2016
 2017
 A
2,543
 2,630
 2,591
 2,674
 2,817
 3,375
 3,814
 3,888
 3,672
 3,578
 3,476
 3,605
 4,003
 A 
5,091
 5,897
 7,530
 9,130
 10,837
 12,262
 13,278
 14,583
 12,024
 10,636
 9,536
 8,043
 7,687
 Marines
 780
 902
 1,067
 1,249
 1,538
 1,910
 1,811
 1,662
 1,699
 1,481
 1,291
 1,201
 1,180
 Navy
 1,651
 1,961
 2,091
 2,226
 2,274
 2,283
 2,113
 2,216
 1,959
 1,868
 2,061
 2,208
 2,874
 Component
 2005
 2006
 2007
 2008
 2009
 2010
 2011
 2012
 2013
 2014
 2015
 2016
 2017
 ACT
 6,604
 7,565
 9,278
 11,039
 12,795
 14,751
 15,665
 16,888
 14,543
 13,202
 12,473
 11,404
 11,960
 GRD
 3,461
 3,825
 4,001
 4,240
 4,671
 5,079
 5,351
 5,461
 4,811
 4,361
 3,891
 3,653
 3,784
 TOTAL
 10,065
 11,390
 13,279
 15,279
 17,466
 19,830
 21,016
 22,349
 19,354
 17,563
 16,364
 15,057
 15,744
 Table 
5.5: Purchased Care Patients with 
Insomnia by 
Calendar Year
 Service
 2005
 2006
 2007
 2008
 2009
 2010
 2011
 2012
 2013
 2014
 2015
 2016
 2017
 A
 585
 676
 899
 885
 1,139
 1,371
 1,629
 1,840
 1,644
 1,678
 1,710
 1,961
 2,006
 A 
1,309
 1,822
 2,322
 3,069
 3,782
 4,997
 6,244
 6,661
 6,170
 5,900
 6,084
 5,674
 5,068
 Marines
 136
 192
 238
 296
 408
 545
 678
 770
 753
 780
 699
 641
 586
 Navy
 208
 304
 369
 471
 566
 763
 1,073
 1,260
 1,058
 678
 739
 845
 1,067
 Component
 2005
 2006
 2007
 2008
 2009
 2010
 2011
 2012
 2013
 2014
 2015
 2016
 2017
 ACT
 1,044
 1,476
 2,016
 2,720
 3,572
 4,894
 6,576
 7,459
 6,804
 6,426
 6,836
 6,650
 6,262
 GRD
 1,194
 1,518
 1,812
 2,001
 2,323
 2,782
 3,048
 3,072
 2,821
 2,610
 2,396
 2,471
 2,465
 TOTAL
 2,238
 2,994
 3,828
 4,721
 5,895
 7,676
 9,624
 10,531
 9,625
 9,036
 9,232
 9,121
 8,727
 Table 
6.6: Purchased Care Patients with 
PTSD by Calendar Year
 Service
 2005
 2006
 2007
 2008
 2009
 2010
 2011
 2012
 2013
 2014
 2015
 2016
 2017
 A
294
 300
 353
 429
 474
 628
 932
 1,186
 1,189
 1,232
 1,223
 1,284
 1,439
 A 
1,496
 2,025
 3,258
 5,313
 6,495
 7,871
 8,808
 10,925
 9,360
 7,958
 7,096
 5,800
 4,874
 Marines
 257
 324
 504
 776
 803
 1,107
 1,228
 1,161
 997
 911
 653
 651
 617
 Navy
 166
 229
 304
 380
 403
 439
 551
 640
 558
 595
 690
 802
 995
 Component
 2005
 2006
 2007
 2008
 2009
 2010
 2011
 2012
 2013
 2014
 2015
 2016
 2017
 ACT
 1,173
 1,652
 2,950
 5,148
 6,316
 7,751
 8,825
 10,779
 9,298
 8,419
 7,570
 6,538
 5,926
 GRD
 1,040
 1,226
 1,469
 1,750
 1,859
 2,294
 2,694
 3,133
 2,806
 2,277
 2,092
 1,999
 1,999
 TOTAL
 2,213
 2,878
 4,419
 6,898
 8,175
 10,045
 11,519
 13,912
 12,104
 10,696
 9,662
 8,537
 7,925
 Table 
7.7: Purchased Care Patients with 
Substance Use Disorders by Calendar Year
 Service
 2005
 2006
 2007
 2008
 2009
 2010
 2011
 2012
 2013
 2014
 2015
 2016
 2017
 A
240
 224
 229
 260
 328
 443
 437
 418
 371
 428
 529
 482
 416
 A 
563
 651
 968
 1,333
 1,707
 2,025
 2,247
 1,997
 1,586
 1,255
 1,373
 1,047
 894
 Marines
 96 
143
 146
 205
 309
 312
 334
 278
 211
 154
 131
 132
 124
 Navy
 132
 164
 165
 187
 197
 209
 260
 269
 240
 230
 231
 212
 185
 Component
 2005
 2006
 2007
 2008
 2009
 2010
 2011
 2012
 2013
 2014
 2015
 2016
 2017
 ACT
 785
 969
 1,216
 1,654
 2,162
 2,575
 2,849
 2,545
 2,037
 1,752
 1,916
 1,547
 1,355
 GRD
 246
 213
 292
 331
 379
 414
 429
 417
 371
 315
 348
 326
 264
 TOTAL
 1,031
 1,182
 1,508
 1,985
 2,541
 2,989
 3,278
 2,962
 2,408
 2,067
 2,264
 1,873
 1,619
 