Table 
2.1: Direct and Purchased Care Patients with 
Adjustment Disorders by Calendar Year
Service
 2005
 2006
 2007
 2008
 2009
 2010
 2011
 2012
 2013
 2014
 2015
 2016
 2017
 A
11,726
 12,497
 13,189
 13,405
 14,455
 16,021
 17,094
 17,875
 16,950
 16,211
 16,790
 19,358
 20,645
 A 
28,659
 31,835
 39,567
 51,871
 59,588
 65,278
 70,910
 74,494
 64,863
 58,491
 56,253
 56,300
 52,970
 Marines
 3,956
 4,172
 4,895
 6,314
 6,897
 8,061
 9,712
 10,307
 10,010
 9,101
 8,926
 9,146
 9,375
 Navy
 8,245
 8,662
 9,370
 10,482
 10,782
 11,540
 12,560
 13,340
 13,280
 13,612
 15,463
 17,798
 19,548
 Component
 2005
 2006
 2007
 2008
 2009
 2010
 2011
 2012
 2013
 2014
 2015
 2016
 2017
 ACT
 44,347
 49,165
 58,296
 71,588
 80,617
 89,907
 99,283
 105,341
 95,592
 88,614
 89,373
 94,287
 94,554
 GRD
 8,239
 8,001
 8,725
 10,484
 11,105
 10,993
 10,993
 10,675
 9,511
 8,801
 8,059
 8,315
 7,984
 TOTAL
 52,586
 57,166
 67,021
 82,072
 91,722
 100,900
 110,276
 116,016
 105,103
 97,415
 97,432
 102,602
 102,538
 Table 
2.2: Direct and Purchased Care Patients with 
Alcohol Use Disorders by Calendar Year
 Service
 2005
 2006
 2007
 2008
 2009
 2010
 2011
 2012
 2013
 2014
 2015
 2016
 2017
 A
 4,733
 4,445
 4,272
 4,243
 4,261
 4,461
 4,457
 4,408
 4,149
 4,060
 3,698
 3,461
 3,767
 A 
13,246
 15,576
 16,366
 19,490
 22,079
 21,925
 19,700
 19,872
 17,265
 15,673
 15,648
 14,525
 15,286
 Marines
 3,635
 4,204
 4,742
 5,357
 5,850
 6,135
 5,903
 5,804
 5,104
 4,382
 3,847
 3,655
 3,700
 Navy
 8,287
 7,972
 7,472
 7,074
 7,003
 6,529
 6,381
 6,296
 5,917
 6,688
 6,594
 5,799
 5,938
 Component
 2005
 2006
 2007
 2008
 2009
 2010
 2011
 2012
 2013
 2014
 2015
 2016
 2017
 ACT
 27,730
 30,172
 30,659
 33,793
 36,715
 36,630
 34,277
 34,304
 30,650
 29,184
 28,323
 26,075
 27,256
 GRD
 2,171
 2,025
 2,193
 2,371
 2,478
 2,420
 2,164
 2,076
 1,785
 1,619
 1,464
 1,365
 1,435
 TOTAL
 29,901
 32,197
 32,852
 36,164
 39,193
 39,050
 36,441
 36,380
 32,435
 30,803
 29,787
 27,440
 28,691
 Table 
2.3: Direct and Purchased Care Patients with 
Anxiety Disorders by Calendar Year
 Service
 2005
 2006
 2007
 2008
 2009
 2010
 2011
 2012
 2013
 2014
 2015
 2016
 2017
 A
8,192
 8,142
 9,001
 9,609
 10,358
 11,505
 12,730
 13,767
 14,723
 15,404
 15,663
 16,266
 16,811
 A 
13,693
 14,841
 20,266
 26,658
 31,852
 36,178
 41,332
 45,629
 44,018
 43,234
 41,548
 37,552
 34,970
 Marines
 2,507
 2,554
 3,017
 3,851
 4,736
 5,381
 6,257
 7,190
 7,366
 7,094
 7,047
 6,522
 6,199
 Navy
 6,137
 5,816
 6,605
 7,259
 7,707
 8,530
 9,739
 10,445
 10,855
 11,430
 12,018
 12,654
 13,000
 Component
 2005
 2006
 2007
 2008
 2009
 2010
 2011
 2012
 2013
 2014
 2015
 2016
 2017
 ACT
 25,393
 26,236
 32,757
 39,930
 46,547
 52,595
 60,428
 67,153
 67,462
 67,945
 67,824
 64,691
 62,503
 GRD 
5,136
 5,117
 6,132
 7,447
 8,106
 8,999
 9,630
 9,878
 9,500
 9,217
 8,452
 8,303
 8,477
 TOTAL
 30,529
 31,353
 38,889
 47,377
 54,653
 61,594
 70,058
 77,031
 76,962
 77,162
 76,276
 72,994
 70,980
 Table 
2.4: Direct and Purchased Care Patients with 
Depressive Disorders by Calendar Year
 Service
 2005
 2006
 2007
 2008
 2009
 2010
 2011
 2012
 2013
 2014
 2015
 2016
 2017
 A
13,150
 12,990
 12,633
 12,608
 12,732
 13,382
 13,769
 13,512
 12,868
 13,335
 13,217
 12,820
 13,028
 A 
26,050
 27,046
 31,819
 38,616
 44,612
 46,295
 49,159
 50,021
 45,938
 42,869
 38,582
 33,173
 29,185
 Marines
 4,456
 4,645
 5,182
 6,380
 7,177
 7,444
 7,636
 7,720
 7,560
 6,879
 6,705
 5,901
 5,170
 Navy
 10,716
 10,995
 11,273
 11,326
 11,453
 11,770
 12,283
 12,061
 11,493
 11,661
 12,199
 12,327
 12,746
 Component
 2005
 2006
 2007
 2008
 2009
 2010
 2011
 2012
 2013
 2014
 2015
 2016
 2017
 ACT
 46,299
 47,319
 52,095
 59,113
 65,517
 68,181
 71,858
 72,648
 68,218
 65,909
 62,969
 57,314
 53,601
 GRD
 8,073
 8,357
 8,812
 9,817
 10,457
 10,710
 10,989
 10,666
 9,641
 8,835
 7,734
 6,907
 6,528
 TOTAL
 54,372
 55,676
 60,907
 68,930
 75,974
 78,891
 82,847
 83,314
 77,859
 74,744
 70,703
 64,221
 60,129
 Table 
2.5: Direct and Purchased Care Patients with 
Insomnia by Calendar Year
 Service
 2005
 2006
 2007
 2008
 2009
 2010
 2011
 2012
 2013
 2014
 2015
 2016
 2017
 A
5,701
 7,595
 9,555
 11,137
 12,877
 14,077
 15,051
 15,625
 15,408
 14,285
 13,291
 14,317
 13,292
 A 
9,395
 14,207
 20,839
 29,155
 35,478
 42,209
 47,662
 49,285
 45,972
 40,866
 39,588
 42,473
 40,819
 Marines
 930
 1,439
 2,314
 3,139
 3,922
 4,797
 5,654
 6,273
 6,217
 5,626
 5,577
 5,695
 5,397
 Navy
 2,880
 3,892
 4,775
 5,454
 6,526
 7,162
 8,024
 8,423
 8,819
 7,842
 7,804
 8,973
 9,172
 Component
 2005
 2006
 2007
 2008
 2009
 2010
 2011
 2012
 2013
 2014
 2015
 2016
 2017
 ACT
 15,769
 22,906
 32,100
 42,466
 51,107
 59,362
 67,108
 70,529
 68,279
 61,768
 60,237
 65,275
 62,669
 GRD
 3,137
 4,227
 5,383
 6,419
 7,696
 8,883
 9,283
 9,077
 8,137
 6,851
 6,023
 6,183
 6,011
 TOTAL
 18,906
 27,133
 37,483
 48,885
 58,803
 68,245
 76,391
 79,606
 76,416
 68,619
 66,260
 71,458
 68,680
 Table 
2.6: Direct and Purchased Care Patients with 
PTSD by Calendar Year
 Service
 2005
 2006
 2007
 2008
 2009
 2010
 2011
 2012
 2013
 2014
 2015
 2016
 2017
 A
1,192
 1,376
 1,703
 2,117
 2,331
 2,750
 3,293
 3,630
 3,881
 4,347
 4,231
 4,545
 4,820
 A 
8,738
 10,038
 14,421
 20,265
 22,630
 24,811
 27,339
 30,142
 28,147
 25,629
 23,142
 21,657
 19,253
 Marines
 1,849
 2,072
 3,028
 3,968
 4,070
 4,568
 4,839
 5,088
 4,502
 4,065
 3,699
 3,287
 2,891
 Navy
 1,511
 1,712
 2,222
 2,537
 2,794
 2,962
 3,242
 3,397
 3,289
 3,547
 3,746
 3,890
 4,281
 Component
 2005
 2006
 2007
 2008
 2009
 2010
 2011
 2012
 2013
 2014
 2015
 2016
 2017
 ACT
 10,549
 12,382
 17,914
 24,260
 27,181
 29,947
 33,100
 36,388
 34,392
 32,892
 30,851
 29,651
 27,592
 GRD
 2,741
 2,816
 3,460
 4,627
 4,644
 5,144
 5,613
 5,869
 5,427
 4,696
 3,967
 3,728
 3,653
 TOTAL
 13,290
 15,198
 21,374
 28,887
 31,825
 35,091
 38,713
 42,257
 39,819
 37,588
 34,818
 33,379
 31,245
 Table 
2.7: Direct and Purchased Care Patients with 
Substance Use Disorders by Calendar Year
 Service
 2005
 2006
 2007
 2008
 2009
 2010
 2011
 2012
 2013
 2014
 2015
 2016
 2017
 A
492
 472
 470
 540
 641
 799
 766
 724
 720
 798
 898
 681
 631
 A 
5,225
 6,322
 6,266
 7,615
 9,105
 9,123
 8,578
 7,908
 6,366
 5,214
 4,940
 4,122
 4,650
 Marines
 522
 619
 992
 1,247
 1,352
 1,378
 1,354
 1,153
 952
 627
 554
 442
 395
 Navy
 707
 834
 1,498
 1,512
 1,495
 1,115
 1,106
 1,061
 934
 957
 902
 735
 705
 Component
 2005
 2006
 2007
 2008
 2009
 2010
 2011
 2012
 2013
 2014
 2015
 2016
 2017
 ACT
 6,089
 7,504
 8,405
 9,914
 11,492
 11,361
 10,925
 10,077
 8,279
 7,016
 6,733
 5,510
 5,949
 GRD
 857
 743
 821
 1,000
 1,101
 1,054
 879
 769
 693
 580
 561
 470
 432
 TOTAL
 6,946
 8,247
 9,226
 10,914
 12,593
 12,415
 11,804
 10,846
 8,972
 7,596
 7,294
 5,980
 6,381